1511.4	[205.1229199421524, 27.276931009840887, 1493647.1884765625, 'C13H17O2', 0, 0, 0, 'None', 'None', 0]	
176.5	[168.02978368221218, 50.15208594272079, 769795.9921875, 'C7H6N1O4', 0, 0, 0, 'None', 'None', 0]	
1185.0	[115.003179295868, 336.6157788665571, 297568353.0625, 'C4H3O4', 71.01388654436656, 55.401331481277175, 7330225.799438477, 'C3H3O2', 'C1O2', 0.8467532176837202]	
142.8	[131.03447509572243, 296.5946170443142, 193609777.515625, 'C5H7O4', 87.04517694314218, 200.37789588474345, 12701934.06854248, 'C4H7O2', 'C1O2', 0.7239728547519932]	[131.03447509572243, 296.5946170443142, 193609777.515625, 'C5H7O4', 69.03465296898862, 5.927930296156715, 87817.88452148438, 'C4H5O1', 'C1H2O3', 1.2560138967280958]	
1485.6	[188.03491877057155, 963.149312093247, 3408759123.25, 'C10H6N1O3', 158.0374181176974, 63.756415128973245, 13717450.814453125, 'C10H6O2', 'N1O1', -0.35511947187087467]	[188.03491877057155, 963.149312093247, 3408759123.25, 'C10H6N1O3', 145.02968701998822, 47.02358065721302, 2999154.12109375, 'C9H5O2', 'C1H1N1O1', 1.819511341274948]	
1252.8	[166.01414952334184, 169.9616112553984, 33026994.1015625, 'C7H4N1O4', 122.02485411624751, 24.231774653371534, 1636258.751953125, 'C6H4N1O2', 'C1O2', 0.7863847818206774]	
460.2	[138.019196081949, 120.98715036560134, 7629455.697265625, 'C6H4N1O3', 0, 0, 0, 'None', 'None', 0]
1039.0	[152.03484839796295, 738.8154076215714, 1257087250.0, 'C7H6N1O3', 122.03739649859598, 79.33482204364256, 33070452.58569336, 'C7H6O2', 'N1O1', 1.2701078115499367]	[152.03484839796295, 738.8154076215714, 1257087250.0, 'C7H6N1O3', 93.03463128557657, 155.02604677776534, 5520151.908203125, 'C6H5O1', 'C1H1N1O2', 0.2184314741456582]	[152.03484839796295, 738.8154076215714, 1257087250.0, 'C7H6N1O3', 121.02959907456349, 37.662946748347416, 4752806.5703125, 'C7H5O2', 'H1N1O1', 1.9569467557343112]
1712.4	[182.009097551766, 434.76322922642635, 925833364.1210938, 'C7H4N1O5', 138.01971700299055, 129.5422790756155, 119508453.0546875, 'C6H4N1O3', 'C1O2', -1.149100084325766]	[182.009097551766, 434.76322922642635, 925833364.1210938, 'C7H4N1O5', 108.02172804127277, 86.48479527854909, 20707601.0, 'C6H4O2', 'C1N1O3', -0.6691704134009141]
1338.6	[166.0504585116445, 837.8005211883424, 1457221779.4169922, 'C8H8N1O3', 136.05297038552047, 122.52846956219284, 21621011.758789062, 'C8H8O2', 'N1O1', 0.062466721266933985]	[166.0504585116445, 837.8005211883424, 1457221779.4169922, 'C8H8N1O3', 135.04511428615666, 93.2065736148462, 3874656.00390625, 'C8H7O2', 'H1N1O1', -1.1038398953373252]	[166.0504585116445, 837.8005211883424, 1457221779.4169922, 'C8H8N1O3', 107.05030347977632, 151.02684502513597, 2899665.390625, 'C7H7O1', 'C1H1N1O2', 1.2706321949311714]	
508.2	[154.01417184742476, 15.11966946866124, 5129507.357421875, 'C6H4N1O4', 0, 0, 0, 'None', 'None', 0]
1491.0	[137.02390840759588, 307.8544943077008, 277062717.2783203, 'C7H5O3', 93.03461618075997, 175.87501050986486, 48936147.84814453, 'C6H5O1', 'C1O2', 0.8586802112241345]	[137.02390840759588, 307.8544943077008, 277062717.2783203, 'C7H5O3', 65.03972283264295, 73.4426112663645, 8103770.0009765625, 'C5H5', 'C2O3', 0.89498268356399]	
1540.2	[200.98595851734936, 282.62108739940373, 31754858.807617188, 'C7H5O5S1', 79.95742627201267, 41.817221913043824, 9692922.869140625, 'O3S1', 'C7H5O2', -0.6795504778770537]	[200.98595851734936, 282.62108739940373, 31754858.807617188, 'C7H5O5S1', 156.99660796002942, 45.32513925262679, 4539851.5625, 'C6H5O3S1', 'C1O2', -0.46731961308984854]	
745.2	[197.0450506651835, 58.75585046932647, 1293481.740600586, 'C9H9O5', 0, 0, 0, 'None', 'None', 0]	
771.6	[181.05024505208394, 140.1723881307505, 6982876.07421875, 'C9H9O4', 166.02723442609715, 61.907605679844764, 662879.0596046448, 'C8H6O4', 'C1H3', -2.7041606850500175]	[181.05024505208394, 140.1723881307505, 6982876.07421875, 'C9H9O4', 67.01900848002072, 22.21932099515743, 464358.3762207031, 'C4H3O1', 'C5H6O3', -0.40841317186206305]	
498.6	[151.0396133637376, 365.3174018212554, 38424756.224609375, 'C8H7O3', 136.01656884883147, 70.51303174919497, 3028651.3603515625, 'C7H4O3', 'C1H3', -4.959875218493444]	
1250.4	[122.02431901118752, 86.80921438474984, 8111184.63671875, 'C6H4N1O2', 0, 0, 0, 'None', 'None', 0]