744.6	[179.034532881841, 135.2764099040433, 1768917.28125, 'C9H7O4', 93.03461647722801, 154.08375638574756, 29178860.209960938, 'C6H5O1', 'C3H2O3', -0.3070288968973754]	[179.034532881841, 135.2764099040433, 1768917.28125, 'C9H7O4', 137.0244458871916, 169.78435060812717, 17942134.797851562, 'C7H5O3', 'C2H2O1', -0.6425677744552822]	
112.8	[125.02395777795705, 99.08714340355922, 10105914.321289062, 'C6H5O3', 57.03457424355786, 64.09334862284551, 1845957.8621826172, 'C3H5O1', 'C3O2', -0.7873877173620407]	[125.02395777795705, 99.08714340355922, 10105914.321289062, 'C6H5O3', 111.0088833318146, 39.17240707617797, 1395257.662109375, 'C5H3O3', 'C1H2', 5.390707162313531]	[125.02395777795705, 99.08714340355922, 10105914.321289062, 'C6H5O3', 99.008794998137, 33.114489961329426, 773432.40234375, 'C4H3O3', 'C2H2', -0.4912356126102775]	
189.0	[150.05557613017484, 97.56047366349895, 20881961.340820312, 'C8H8N1O2', 107.03769073059082, 63.60470675778298, 5105916.680786133, 'C6H5N1O1', 'C2H3O1', 0.10694069371316614]	[150.05557613017484, 97.56047366349895, 20881961.340820312, 'C8H8N1O2', 82.02985672077696, 53.905795867625585, 2219998.23046875, 'C4H4N1O1', 'C4H4O1', 0.008681977598060055]	[150.05557613017484, 97.56047366349895, 20881961.340820312, 'C8H8N1O2', 134.02475109518016, 58.50531062340391, 1605639.234375, 'C7H4N1O2', 'C1H4', -1.561629785436112]	[150.05557613017484, 97.56047366349895, 20881961.340820312, 'C8H8N1O2', 122.0249089587345, 52.55071381869432, 1198061.744140625, 'C6H4N1O2', 'C2H4', 4.738602529402104]	[150.05557613017484, 97.56047366349895, 20881961.340820312, 'C8H8N1O2', 94.02988014479175, 134.03174603698017, 1190334.9833984375, 'C5H4N1O1', 'C3H4O1', 0.42863193694404883]	[150.05557613017484, 97.56047366349895, 20881961.340820312, 'C8H8N1O2', 124.0403920654472, 77.56746440282105, 1045725.9731445312, 'C6H6N1O2', 'C2H2', -1.3093919637827551]	[150.05557613017484, 97.56047366349895, 20881961.340820312, 'C8H8N1O2', 108.04553961050428, 62.32384208717093, 642522.43359375, 'C6H6N1O1', 'C2H2O1', 0.558915247866369]	[150.05557613017484, 97.56047366349895, 20881961.340820312, 'C8H8N1O2', 110.02469341546704, 21.524874214882438, 563952.6754150391, 'C5H4N1O2', 'C3H4', -2.0662465843557127]	[150.05557613017484, 97.56047366349895, 20881961.340820312, 'C8H8N1O2', 136.04044666995455, 34.474904596368255, 377472.775390625, 'C7H6N1O2', 'C1H2', 1.4654910622953785]	
223.2	[159.0658726724216, 567.9043562767968, 140553026.71875, 'C7H11O4', 97.06591003862502, 282.9072711345255, 42096897.70175171, 'C6H9O1', 'C1H2O3', -1.0102149873310267]	[159.0658726724216, 567.9043562767968, 140553026.71875, 'C7H11O4', 115.07652300044602, 96.17686147153796, 13203416.130126953, 'C6H11O2', 'C1O2', -0.4471935168194999]	[159.0658726724216, 567.9043562767968, 140553026.71875, 'C7H11O4', 95.05029853620454, 158.2276911221519, 5605161.898193359, 'C6H7O1', 'C1H4O3', -0.377033696232724]	[159.0658726724216, 567.9043562767968, 140553026.71875, 'C7H11O4', 75.00878064614524, 21.67522894650873, 5521387.947998047, 'C2H3O3', 'C5H8O1', -0.9758342391491399]	[159.0658726724216, 567.9043562767968, 140553026.71875, 'C7H11O4', 113.06094666169422, 117.53699615423393, 913370.3564453125, 'C6H9O2', 'C1H2O2', 1.1735414124794026]	[159.0658726724216, 567.9043562767968, 140553026.71875, 'C7H11O4', 141.05582857354304, 21.90611380000072, 507699.01953125, 'C7H9O3', 'H2O1', 0.8828784607155645]	
273.0	[121.02906327045041, 73.69609401227774, 2504356.595703125, 'C7H5O2', 105.03460635259172, 148.4141288530564, 27177453.42578125, 'C7H5O1', 'O1', -2.933290719401458]	[121.02906327045041, 73.69609401227774, 2504356.595703125, 'C7H5O2', 93.03468593770752, 33.27188376332967, 570262.04296875, 'C6H5O1', 'C1O1', 1.1669012415371878]	[121.02906327045041, 73.69609401227774, 2504356.595703125, 'C7H5O2', 77.03971382294102, 59.36570663170413, 456817.14599609375, 'C6H5', 'C1O2', -0.4420908375911944]	
1013.4	[195.0659020459186, 65.03206905817605, 1365141.5498046875, 'C10H11O4', 0, 0, 0, 'None', 'None', 0]
272.4	[149.02390533184212, 636.4801685804489, 308937082.03515625, 'C8H5O3', 121.02957554409642, 343.1738980314927, 31603642.7265625, 'C7H5O2', 'C1O1', 2.865252438100491]	[149.02390533184212, 636.4801685804489, 308937082.03515625, 'C8H5O3', 105.03460635259172, 148.4141288530564, 27177453.42578125, 'C7H5O1', 'C1O2', 0.7051805264545353]	[149.02390533184212, 636.4801685804489, 308937082.03515625, 'C8H5O3', 75.00878593361941, 42.49634072722966, 4214821.604003906, 'C2H3O3', 'C6H2', 0.41345026268337887]	[149.02390533184212, 636.4801685804489, 308937082.03515625, 'C8H5O3', 93.03468593770752, 33.27188376332967, 570262.04296875, 'C6H5O1', 'C2O2', 1.975467400061082]	[149.02390533184212, 636.4801685804489, 308937082.03515625, 'C8H5O3', 77.03971382294102, 59.36570663170413, 456817.14599609375, 'C6H5', 'C2O3', 0.812549136292957]	
1502.4	[231.0693136145755, 690.8278110052266, 196059825.6484375, 'C10H15O4S1', 79.95733348176803, 12.789891505687061, 2913850.58984375, 'O3S1', 'C10H15O1', -1.2582204147891574]
142.8	[131.03440196461176, 144.63583715131713, 3665353.4956054688, 'C5H7O4', 87.04518430268377, 82.03265759685257, 1052236.1879882812, 'C4H7O2', 'C1O2', 2.5537347810147466]	[131.03440196461176, 144.63583715131713, 3665353.4956054688, 'C5H7O4', 69.0346182078142, 22.421419856120885, 251656.00732421875, 'C4H5O1', 'C1H2O3', 1.8748817811463523]
1313.4	[246.9258955000906, 176.6463009197396, 68221838.30859375, 'C7H4O2I1', 0, 0, 0, 'None', 'None', 0]
